100
1.566764831026761e+00
3.006599693352965e+00
4.202857729460585e+00
5.058625227684656e+00
5.504572994764346e+00
5.504572994764346e+00
5.058625227684656e+00
4.202857729460585e+00
3.006599693352966e+00
1.566764831026761e+00
3.006599693352966e+00
5.769622560487345e+00
8.065224921037624e+00
9.707430724224929e+00
1.056319822244900e+01
1.056319822244900e+01
9.707430724224931e+00
8.065224921037624e+00
5.769622560487348e+00
3.006599693352966e+00
4.202857729460585e+00
8.065224921037620e+00
1.127419555525169e+01
1.356979791580197e+01
1.476605595190959e+01
1.476605595190959e+01
1.356979791580197e+01
1.127419555525169e+01
8.065224921037624e+00
4.202857729460585e+00
5.058625227684657e+00
9.707430724224929e+00
1.356979791580197e+01
1.633282078293635e+01
1.777265564526255e+01
1.777265564526255e+01
1.633282078293635e+01
1.356979791580197e+01
9.707430724224933e+00
5.058625227684656e+00
5.504572994764347e+00
1.056319822244900e+01
1.476605595190959e+01
1.777265564526255e+01
1.933942047628932e+01
1.933942047628932e+01
1.777265564526255e+01
1.476605595190959e+01
1.056319822244900e+01
5.504572994764346e+00
5.504572994764347e+00
1.056319822244900e+01
1.476605595190959e+01
1.777265564526255e+01
1.933942047628932e+01
1.933942047628932e+01
1.777265564526256e+01
1.476605595190959e+01
1.056319822244901e+01
5.504572994764346e+00
5.058625227684659e+00
9.707430724224929e+00
1.356979791580197e+01
1.633282078293635e+01
1.777265564526256e+01
1.777265564526256e+01
1.633282078293635e+01
1.356979791580197e+01
9.707430724224933e+00
5.058625227684657e+00
4.202857729460585e+00
8.065224921037620e+00
1.127419555525169e+01
1.356979791580197e+01
1.476605595190959e+01
1.476605595190959e+01
1.356979791580197e+01
1.127419555525169e+01
8.065224921037624e+00
4.202857729460585e+00
3.006599693352968e+00
5.769622560487348e+00
8.065224921037627e+00
9.707430724224933e+00
1.056319822244901e+01
1.056319822244901e+01
9.707430724224935e+00
8.065224921037627e+00
5.769622560487350e+00
3.006599693352967e+00
1.566764831026761e+00
3.006599693352965e+00
4.202857729460585e+00
5.058625227684656e+00
5.504572994764346e+00
5.504572994764346e+00
5.058625227684656e+00
4.202857729460585e+00
3.006599693352966e+00
1.566764831026761e+00
