100
7.937323358440941e-02
1.523161198346061e-01
2.129192599146474e-01
2.562729478359999e-01
2.788649256375857e-01
2.788649256375857e-01
2.562729478359999e-01
2.129192599146474e-01
1.523161198346062e-01
7.937323358440940e-02
1.523161198346062e-01
2.922924934990567e-01
4.085890676706062e-01
4.917841855522330e-01
5.351378734735857e-01
5.351378734735857e-01
4.917841855522331e-01
4.085890676706062e-01
2.922924934990568e-01
1.523161198346061e-01
2.129192599146474e-01
4.085890676706060e-01
5.711574191366426e-01
6.874539933081918e-01
7.480571333882331e-01
7.480571333882331e-01
6.874539933081919e-01
5.711574191366426e-01
4.085890676706062e-01
2.129192599146474e-01
2.562729478360000e-01
4.917841855522330e-01
6.874539933081920e-01
8.274303669726424e-01
9.003732532228392e-01
9.003732532228392e-01
8.274303669726425e-01
6.874539933081920e-01
4.917841855522332e-01
2.562729478359999e-01
2.788649256375858e-01
5.351378734735855e-01
7.480571333882332e-01
9.003732532228391e-01
9.797464868072486e-01
9.797464868072486e-01
9.003732532228392e-01
7.480571333882332e-01
5.351378734735858e-01
2.788649256375857e-01
2.788649256375858e-01
5.351378734735857e-01
7.480571333882332e-01
9.003732532228392e-01
9.797464868072487e-01
9.797464868072487e-01
9.003732532228393e-01
7.480571333882332e-01
5.351378734735859e-01
2.788649256375857e-01
2.562729478360000e-01
4.917841855522331e-01
6.874539933081920e-01
8.274303669726425e-01
9.003732532228393e-01
9.003732532228393e-01
8.274303669726426e-01
6.874539933081920e-01
4.917841855522332e-01
2.562729478360000e-01
2.129192599146474e-01
4.085890676706060e-01
5.711574191366426e-01
6.874539933081918e-01
7.480571333882331e-01
7.480571333882331e-01
6.874539933081919e-01
5.711574191366426e-01
4.085890676706062e-01
2.129192599146474e-01
1.523161198346062e-01
2.922924934990568e-01
4.085890676706063e-01
4.917841855522332e-01
5.351378734735859e-01
5.351378734735859e-01
4.917841855522333e-01
4.085890676706063e-01
2.922924934990569e-01
1.523161198346062e-01
7.937323358440941e-02
1.523161198346061e-01
2.129192599146474e-01
2.562729478359999e-01
2.788649256375857e-01
2.788649256375857e-01
2.562729478359999e-01
2.129192599146474e-01
1.523161198346062e-01
7.937323358440940e-02
